hop-dh-v1-sFuRMOEztw4pHIN7UBMSJwDyxS0tMhRYJmMzvCpKhG4= 0 2021-07-24 00:15:57.069001436 +0000 UTC m=+3627.086842498 user bash
hop-dh-v1-V5FzxrC6Xugg68kFmlSs7YIzj4NvfV5WKfv8EYkAZ10= 0 2021-07-24 00:16:39.643704673 +0000 UTC m=+3664.484931518 user bash
hop-dh-v1-PvECD4Bi/KFJbh0HdwXJKb00NxcoEGQRxNjZa7oS4Gw= 0 2021-07-24 00:19:42.59202023 +0000 UTC m=+3634.887944294 user bash
hop-dh-v1-dMBTvtHdEu3JN5+9ZOas07GVsBKBhTwFBciYA/h50Vs= 0 2021-07-24 00:20:07.12601336 +0000 UTC m=+3662.636424537 user bash
