
hop-dh-v1-RFQVYm/P3N9AEx/EF8PomYy3c/mAPIGP4PaxdMyLkj4= 0 2021-07-30 05:26:36.585327656 +0000 UTC m=+3607.874115225 user bash
hop-dh-v1-IpgUmMOPjIkUSjzyuTlWwVvKIgWx30csES6hgGZLM1E= 0 2021-07-30 05:30:01.838000802 +0000 UTC m=+3642.240939196 user bash
hop-dh-v1-lYQnZamKDUrvzuuTmt5JVcI/bHPHNabESI10tgcFLDk= 0 2021-07-30 05:31:54.553206794 +0000 UTC m=+3617.226718788 user bash
hop-dh-v1-LG8WXrxJaqf46pXSN9b+Br537NEzi5Zi3CACvloTbio= 0 2021-07-30 05:40:56.05021556 +0000 UTC m=+3642.328809614 user bash
hop-dh-v1-/5yhKULJFvqEVP4vt9Y6U/kgGuTbNLSuOWLFC8G+DzA= 0 2021-07-30 05:41:33.870649802 +0000 UTC m=+3689.182685902 user bash
hop-dh-v1-1sApbE4t5CCZGbq9EMbopfAk21nj1arwjXnmPYOgnVI= 0 2021-07-30 05:44:36.770499751 +0000 UTC m=+3863.049093804 user bash
hop-dh-v1-FsdSuqdszCPzUF4tlat5ZvOBosNxNnO/Xr/FrZu4gwk= 0 2021-07-30 05:45:10.081905973 +0000 UTC m=+3905.393941965 user bash
